$ 1 0.000005 10.20027730826997 53 5 50 5e-11
v 176 256 176 128 0 1 50 320 0 0 0.5
d 304 128 368 192 2 default
d 304 256 368 192 2 default
d 240 192 304 128 2 default
d 240 192 304 256 2 default
w 304 256 176 256 0
w 240 192 240 288 0
w 368 192 384 192 0
w 240 288 384 288 0
r 432 192 432 288 0 22000
r 224 128 304 128 0 1000000
c 304 128 304 256 4 1e-9 1.1509475885137004 0.001 0
f 608 224 672 224 32 1.5 0.02
407 464 192 528 192 1
w 464 192 432 192 0
w 464 224 464 288 0
w 464 288 432 288 0
R 560 192 560 144 0 0 40 3.3 0 0 0.5
r 560 224 560 304 0 100000
g 560 304 560 336 0 0
w 672 240 672 304 0
w 672 304 560 304 0
w 608 224 560 224 0
r 560 192 672 192 0 10000
w 672 192 672 208 0
w 384 192 432 192 0
w 384 288 432 288 0
c 176 128 224 128 4 1e-8 27.769260325794733 0.001 0
o 0 8 0 12290 320 0.0001 0 4 0 3 24 3 22 3
o 24 8 0 4098 5 0.003125 1 2 24 3

